Checker push_swap = https://github.com/hu8813/tester_push_swap/blob/main/pstester.py

Terminal = curl https://raw.githubusercontent.com/hu8813/tester_push_swap/main/pstester.py | python3 -

-58456 -89754 524789 2156687 -5435841 2485841 2505274 39795 -98874 -98741552 57814215 8557521 124856 3674851 -78451 -75641489 -785452 -8574 -3625 -152465748 -987541263 521346879 68547894 685412375 -68548515 -25413689 45126548 541236 597885 414544 45744 -9877458 -66554411 -123456 -31654 -654321 -456123 7654321 -8475632 -5741263 -362514 -142536 1246537 5655441 -58457 -89755 524788 2156686 -5435840 2485840 2505273 39794 -98875 -98741551 57814216 8557522 124857 3674852 -78452 -75641480 -785453 -8575 -3626 -152465749 -987541264 521346870 68547895 685412376 -68548516 -25413680 45126549 541237 597886 414545 45745 -9877459 -66554412 -123457 -31655 -654322 -456124 7654322 -8475633 -5741264 -362515 -142537 1246538 5655442 85641480 -885453 -9575 -4626 -252465749 -187541264 621346870 78547895 785412376 -78548516 -35413680 55126549 641237 697886 514545 55745 -1877459 -76554412 -223457 -41655 -754322 -556124 8654322 -9475633 -6741264 -462515 -242537 2246538 6655442

100 random number Checker=
445499907 -557568504 -1874634224 -328227311 1492476947 667603989 -951141351 1842964529 244597305 1185410617 -755243973 -580541375 -966241705 1553371742 -1329679265 1127475297 -2019505554 1772223087 -686118794 1817911932 -220703107 155598469 -1208440693 643721358 605426323 -432071529 -280181094 -695417189 -997545314 -198755165 216145571 725754023 40915112 1015636137 -176729943 -1201657162 563082934 1553519297 1544622273 468023495 -1713685808 -296132909 -795952425 -1188800802 -1668370711 -1445675281 223512817 193022198 -826720513 -1079512828 -1749143279 -521690861 -1898696934 983873306 1741265702 -1125261523 792912175 -1479704272 -1676544203 -953596103 -335515807 1443227504 1919633270 363294073 -701821063 851002234 -1491043971 1319105919 -2063831678 2014323587 -1732089961 -1627774569 -335343207 2130825113 -808672358 598833565 1320689565 1222431135 125045161 635807147 383393196 213904816 1141750196 75487668 947993017 1313483709 332224959 547376580 -1182415921 986690512 984092116 -1164186156 -1009831970 -1200698400 -1724782098 878629360 2136907760 -517734921 -117377031 -792623108

--  If I add a number in these numbers, it works. If I take a number away, it works. But with this combination it doesn't work
